1
15x15
2 10 5 7 9 14 9 15 1 15 7 3 7 6 11
13 7 2 1 7 6 15 8 11 5 9 1 12 11 11
12 2 11 12 5 4 3 15 13 15 6 12 5 14 10
8 14 9 7 6 2 15 11 11 2 10 12 5 1 11
12 7 5 14 11 8 1 6 2 9 5 1 10 13 4
10 4 10 15 2 12 12 10 11 13 13 6 5 5 11
3 8 14 10 4 11 13 13 10 7 1 6 6 15 9
1 12 7 3 1 15 10 5 7 1 1 9 1 4 1
5 3 1 11 10 12 13 13 8 13 4 2 15 13 7
10 9 6 4 8 5 8 2 15 12 2 8 11 7 1
15 6 4 1 12 1 5 1 9 1 11 7 3 3 13
6 11 15 5 1 13 7 9 10 4 3 8 2 8 12
10 6 6 11 11 2 8 1 7 6 12 4 9 10 13
15 1 12 8 14 4 11 7 5 10 15 8 3 2 6
7 13 5 9 5 10 3 4 7 6 2 11 3 12 11