1
15x15
 2 10 5 7 X 14 9 X 1 15 X 3 X 6 11
 13 X 2 X 7 6 X 8 X 5 9 1 12 11 X
 X 2 11 12 X 4 3 15 13 X 6 X 5 14 10
 8 14 9 X 6 X 15 11 X 2 10 12 X 1 X
 12 7 X 14 11 8 1 6 2 9 5 X 10 13 4
 X 4 10 15 2 X 12 X 11 X 13 6 X 5 X
 3 8 14 X 4 11 X 13 10 7 1 X 6 15 9
 X 12 7 3 X 15 10 5 X 1 X 9 X 4 X
 5 3 1 X 10 12 13 X 8 X 4 2 15 X 7
 X 9 6 4 X 5 X 2 15 12 X 8 11 7 1
 15 X 4 X 12 X 5 1 9 X 11 7 X 3 X
 6 11 15 5 1 13 7 9 X 4 3 X 2 8 12
 10 6 X 11 X 2 8 X 7 X 12 4 9 X 13
 X 1 12 8 14 X 11 7 5 10 15 X 3 2 6
 7 13 X 9 5 10 X 4 X 6 2 11 X 12 X
